0.013010 0.022858 0.009435 0.008890 0.009027 0.009169 0.008662 0.008748 0.008300 0.006252 0.006958 0.008849 0.005650 0.005820 0.006071 0.008726 0.004968 0.005346 0.005926 0.006718 0.005207 0.006848 0.006516 0.008479 0.006787 0.007819 0.007102 0.008238 0.006498 0.007612 0.006526 0.007586 0.006431 0.007580 0.007441 0.007250 0.005226 0.005899 0.005806 0.007323 0.005290 0.004552 0.005076 0.006887 0.006150 0.011123 0.009021 0.008844 
0.013010 0.022858 0.009435 0.008890 0.009027 0.009169 0.008662 0.008748 0.008300 0.006252 0.006958 0.008849 0.005650 0.005820 0.006071 0.008726 0.004968 0.005346 0.005926 0.006718 0.005207 0.006848 0.006516 0.008479 0.006787 0.007819 0.007102 0.008238 0.006498 0.007612 0.006526 0.007586 0.006431 0.007580 0.007441 0.007250 0.005226 0.005899 0.005806 0.007323 0.005290 0.004552 0.005076 0.006887 0.006150 0.011123 0.009021 0.008844 
0.013010 0.022858 0.009435 0.008890 0.009027 0.009169 0.008662 0.008748 0.008300 0.006252 0.006958 0.008849 0.005650 0.005820 0.006071 0.008726 0.004968 0.005346 0.005926 0.006718 0.005207 0.006848 0.006516 0.008479 0.006787 0.007819 0.007102 0.008238 0.006498 0.007612 0.006526 0.007586 0.006431 0.007580 0.007441 0.007250 0.005226 0.005899 0.005806 0.007323 0.005290 0.004552 0.005076 0.006887 0.006150 0.011123 0.009021 0.008844 
0.013010 0.022858 0.009435 0.008890 0.009027 0.009169 0.008662 0.008748 0.008300 0.006252 0.006958 0.008849 0.005650 0.005820 0.006071 0.008726 0.004968 0.005346 0.005926 0.006718 0.005207 0.006848 0.006516 0.008479 0.006787 0.007819 0.007102 0.008238 0.006498 0.007612 0.006526 0.007586 0.006431 0.007580 0.007441 0.007250 0.005226 0.005899 0.005806 0.007323 0.005290 0.004552 0.005076 0.006887 0.006150 0.011123 0.009021 0.008844 
0.013010 0.022858 0.009435 0.008890 0.009027 0.009169 0.008662 0.008748 0.008300 0.006252 0.006958 0.008849 0.005650 0.005820 0.006071 0.008726 0.004968 0.005346 0.005926 0.006718 0.005207 0.006848 0.006516 0.008479 0.006787 0.007819 0.007102 0.008238 0.006498 0.007612 0.006526 0.007586 0.006431 0.007580 0.007441 0.007250 0.005226 0.005899 0.005806 0.007323 0.005290 0.004552 0.005076 0.006887 0.006150 0.011123 0.009021 0.008844 
0.013010 0.022858 0.009435 0.008890 0.009027 0.009169 0.008662 0.008748 0.008300 0.006252 0.006958 0.008849 0.005650 0.005820 0.006071 0.008726 0.004968 0.005346 0.005926 0.006718 0.005207 0.006848 0.006516 0.008479 0.006787 0.007819 0.007102 0.008238 0.006498 0.007612 0.006526 0.007586 0.006431 0.007580 0.007441 0.007250 0.005226 0.005899 0.005806 0.007323 0.005290 0.004552 0.005076 0.006887 0.006150 0.011123 0.009021 0.008844 
0.013010 0.022858 0.009435 0.008890 0.009027 0.009169 0.008662 0.008748 0.008300 0.006252 0.006958 0.008849 0.005650 0.005820 0.006071 0.008726 0.004968 0.005346 0.005926 0.006718 0.005207 0.006848 0.006516 0.008479 0.006787 0.007819 0.007102 0.008238 0.006498 0.007612 0.006526 0.007586 0.006431 0.007580 0.007441 0.007250 0.005226 0.005899 0.005806 0.007323 0.005290 0.004552 0.005076 0.006887 0.006150 0.011123 0.009021 0.008844 
0.013010 0.022858 0.009435 0.008890 0.009027 0.009169 0.008662 0.008748 0.008300 0.006252 0.006958 0.008849 0.005650 0.005820 0.006071 0.008726 0.004968 0.005346 0.005926 0.006718 0.005207 0.006848 0.006516 0.008479 0.006787 0.007819 0.007102 0.008238 0.006498 0.007612 0.006526 0.007586 0.006431 0.007580 0.007441 0.007250 0.005226 0.005899 0.005806 0.007323 0.005290 0.004552 0.005076 0.006887 0.006150 0.011123 0.009021 0.008844 
0.013010 0.022858 0.009435 0.008890 0.009027 0.009169 0.008662 0.008748 0.008300 0.006252 0.006958 0.008849 0.005650 0.005820 0.006071 0.008726 0.004968 0.005346 0.005926 0.006718 0.005207 0.006848 0.006516 0.008479 0.006787 0.007819 0.007102 0.008238 0.006498 0.007612 0.006526 0.007586 0.006431 0.007580 0.007441 0.007250 0.005226 0.005899 0.005806 0.007323 0.005290 0.004552 0.005076 0.006887 0.006150 0.011123 0.009021 0.008844 
0.013010 0.022858 0.009435 0.008890 0.009027 0.009169 0.008662 0.008748 0.008300 0.006252 0.006958 0.008849 0.005650 0.005820 0.006071 0.008726 0.004968 0.005346 0.005926 0.006718 0.005207 0.006848 0.006516 0.008479 0.006787 0.007819 0.007102 0.008238 0.006498 0.007612 0.006526 0.007586 0.006431 0.007580 0.007441 0.007250 0.005226 0.005899 0.005806 0.007323 0.005290 0.004552 0.005076 0.006887 0.006150 0.011123 0.009021 0.008844 
0.013010 0.022858 0.009435 0.008890 0.009027 0.009169 0.008662 0.008748 0.008300 0.006252 0.006958 0.008849 0.005650 0.005820 0.006071 0.008726 0.004968 0.005346 0.005926 0.006718 0.005207 0.006848 0.006516 0.008479 0.006787 0.007819 0.007102 0.008238 0.006498 0.007612 0.006526 0.007586 0.006431 0.007580 0.007441 0.007250 0.005226 0.005899 0.005806 0.007323 0.005290 0.004552 0.005076 0.006887 0.006150 0.011123 0.009021 0.008844 
0.013010 0.022858 0.009435 0.008890 0.009027 0.009169 0.008662 0.008748 0.008300 0.006252 0.006958 0.008849 0.005650 0.005820 0.006071 0.008726 0.004968 0.005346 0.005926 0.006718 0.005207 0.006848 0.006516 0.008479 0.006787 0.007819 0.007102 0.008238 0.006498 0.007612 0.006526 0.007586 0.006431 0.007580 0.007441 0.007250 0.005226 0.005899 0.005806 0.007323 0.005290 0.004552 0.005076 0.006887 0.006150 0.011123 0.009021 0.008844 
0.013010 0.022858 0.009435 0.008890 0.009027 0.009169 0.008662 0.008748 0.008300 0.006252 0.006958 0.008849 0.005650 0.005820 0.006071 0.008726 0.004968 0.005346 0.005926 0.006718 0.005207 0.006848 0.006516 0.008479 0.006787 0.007819 0.007102 0.008238 0.006498 0.007612 0.006526 0.007586 0.006431 0.007580 0.007441 0.007250 0.005226 0.005899 0.005806 0.007323 0.005290 0.004552 0.005076 0.006887 0.006150 0.011123 0.009021 0.008844 
0.013010 0.022858 0.009435 0.008890 0.009027 0.009169 0.008662 0.008748 0.008300 0.006252 0.006958 0.008849 0.005650 0.005820 0.006071 0.008726 0.004968 0.005346 0.005926 0.006718 0.005207 0.006848 0.006516 0.008479 0.006787 0.007819 0.007102 0.008238 0.006498 0.007612 0.006526 0.007586 0.006431 0.007580 0.007441 0.007250 0.005226 0.005899 0.005806 0.007323 0.005290 0.004552 0.005076 0.006887 0.006150 0.011123 0.009021 0.008844 
0.013010 0.022858 0.009435 0.008890 0.009027 0.009169 0.008662 0.008748 0.008300 0.006252 0.006958 0.008849 0.005650 0.005820 0.006071 0.008726 0.004968 0.005346 0.005926 0.006718 0.005207 0.006848 0.006516 0.008479 0.006787 0.007819 0.007102 0.008238 0.006498 0.007612 0.006526 0.007586 0.006431 0.007580 0.007441 0.007250 0.005226 0.005899 0.005806 0.007323 0.005290 0.004552 0.005076 0.006887 0.006150 0.011123 0.009021 0.008844 
0.013010 0.022858 0.009435 0.008890 0.009027 0.009169 0.008662 0.008748 0.008300 0.006252 0.006958 0.008849 0.005650 0.005820 0.006071 0.008726 0.004968 0.005346 0.005926 0.006718 0.005207 0.006848 0.006516 0.008479 0.006787 0.007819 0.007102 0.008238 0.006498 0.007612 0.006526 0.007586 0.006431 0.007580 0.007441 0.007250 0.005226 0.005899 0.005806 0.007323 0.005290 0.004552 0.005076 0.006887 0.006150 0.011123 0.009021 0.008844 
0.013010 0.022858 0.009435 0.008890 0.009027 0.009169 0.008662 0.008748 0.008300 0.006252 0.006958 0.008849 0.005650 0.005820 0.006071 0.008726 0.004968 0.005346 0.005926 0.006718 0.005207 0.006848 0.006516 0.008479 0.006787 0.007819 0.007102 0.008238 0.006498 0.007612 0.006526 0.007586 0.006431 0.007580 0.007441 0.007250 0.005226 0.005899 0.005806 0.007323 0.005290 0.004552 0.005076 0.006887 0.006150 0.011123 0.009021 0.008844 
0.013010 0.022858 0.009435 0.008890 0.009027 0.009169 0.008662 0.008748 0.008300 0.006252 0.006958 0.008849 0.005650 0.005820 0.006071 0.008726 0.004968 0.005346 0.005926 0.006718 0.005207 0.006848 0.006516 0.008479 0.006787 0.007819 0.007102 0.008238 0.006498 0.007612 0.006526 0.007586 0.006431 0.007580 0.007441 0.007250 0.005226 0.005899 0.005806 0.007323 0.005290 0.004552 0.005076 0.006887 0.006150 0.011123 0.009021 0.008844 
0.013010 0.022858 0.009435 0.008890 0.009027 0.009169 0.008662 0.008748 0.008300 0.006252 0.006958 0.008849 0.005650 0.005820 0.006071 0.008726 0.004968 0.005346 0.005926 0.006718 0.005207 0.006848 0.006516 0.008479 0.006787 0.007819 0.007102 0.008238 0.006498 0.007612 0.006526 0.007586 0.006431 0.007580 0.007441 0.007250 0.005226 0.005899 0.005806 0.007323 0.005290 0.004552 0.005076 0.006887 0.006150 0.011123 0.009021 0.008844 
0.013010 0.022858 0.009435 0.008890 0.009027 0.009169 0.008662 0.008748 0.008300 0.006252 0.006958 0.008849 0.005650 0.005820 0.006071 0.008726 0.004968 0.005346 0.005926 0.006718 0.005207 0.006848 0.006516 0.008479 0.006787 0.007819 0.007102 0.008238 0.006498 0.007612 0.006526 0.007586 0.006431 0.007580 0.007441 0.007250 0.005226 0.005899 0.005806 0.007323 0.005290 0.004552 0.005076 0.006887 0.006150 0.011123 0.009021 0.008844 
0.013010 0.022858 0.009435 0.008890 0.009027 0.009169 0.008662 0.008748 0.008300 0.006252 0.006958 0.008849 0.005650 0.005820 0.006071 0.008726 0.004968 0.005346 0.005926 0.006718 0.005207 0.006848 0.006516 0.008479 0.006787 0.007819 0.007102 0.008238 0.006498 0.007612 0.006526 0.007586 0.006431 0.007580 0.007441 0.007250 0.005226 0.005899 0.005806 0.007323 0.005290 0.004552 0.005076 0.006887 0.006150 0.011123 0.009021 0.008844 
0.013010 0.022858 0.009435 0.008890 0.009027 0.009169 0.008662 0.008748 0.008300 0.006252 0.006958 0.008849 0.005650 0.005820 0.006071 0.008726 0.004968 0.005346 0.005926 0.006718 0.005207 0.006848 0.006516 0.008479 0.006787 0.007819 0.007102 0.008238 0.006498 0.007612 0.006526 0.007586 0.006431 0.007580 0.007441 0.007250 0.005226 0.005899 0.005806 0.007323 0.005290 0.004552 0.005076 0.006887 0.006150 0.011123 0.009021 0.008844 
0.013010 0.022858 0.009435 0.008890 0.009027 0.009169 0.008662 0.008748 0.008300 0.006252 0.006958 0.008849 0.005650 0.005820 0.006071 0.008726 0.004968 0.005346 0.005926 0.006718 0.005207 0.006848 0.006516 0.008479 0.006787 0.007819 0.007102 0.008238 0.006498 0.007612 0.006526 0.007586 0.006431 0.007580 0.007441 0.007250 0.005226 0.005899 0.005806 0.007323 0.005290 0.004552 0.005076 0.006887 0.006150 0.011123 0.009021 0.008844 
0.013010 0.022858 0.009435 0.008890 0.009027 0.009169 0.008662 0.008748 0.008300 0.006252 0.006958 0.008849 0.005650 0.005820 0.006071 0.008726 0.004968 0.005346 0.005926 0.006718 0.005207 0.006848 0.006516 0.008479 0.006787 0.007819 0.007102 0.008238 0.006498 0.007612 0.006526 0.007586 0.006431 0.007580 0.007441 0.007250 0.005226 0.005899 0.005806 0.007323 0.005290 0.004552 0.005076 0.006887 0.006150 0.011123 0.009021 0.008844 
0.013010 0.022858 0.009435 0.008890 0.009027 0.009169 0.008662 0.008748 0.008300 0.006252 0.006958 0.008849 0.005650 0.005820 0.006071 0.008726 0.004968 0.005346 0.005926 0.006718 0.005207 0.006848 0.006516 0.008479 0.006787 0.007819 0.007102 0.008238 0.006498 0.007612 0.006526 0.007586 0.006431 0.007580 0.007441 0.007250 0.005226 0.005899 0.005806 0.007323 0.005290 0.004552 0.005076 0.006887 0.006150 0.011123 0.009021 0.008844 
0.013010 0.022858 0.009435 0.008890 0.009027 0.009169 0.008662 0.008748 0.008300 0.006252 0.006958 0.008849 0.005650 0.005820 0.006071 0.008726 0.004968 0.005346 0.005926 0.006718 0.005207 0.006848 0.006516 0.008479 0.006787 0.007819 0.007102 0.008238 0.006498 0.007612 0.006526 0.007586 0.006431 0.007580 0.007441 0.007250 0.005226 0.005899 0.005806 0.007323 0.005290 0.004552 0.005076 0.006887 0.006150 0.011123 0.009021 0.008844 
0.013010 0.022858 0.009435 0.008890 0.009027 0.009169 0.008662 0.008748 0.008300 0.006252 0.006958 0.008849 0.005650 0.005820 0.006071 0.008726 0.004968 0.005346 0.005926 0.006718 0.005207 0.006848 0.006516 0.008479 0.006787 0.007819 0.007102 0.008238 0.006498 0.007612 0.006526 0.007586 0.006431 0.007580 0.007441 0.007250 0.005226 0.005899 0.005806 0.007323 0.005290 0.004552 0.005076 0.006887 0.006150 0.011123 0.009021 0.008844 
0.013010 0.022858 0.009435 0.008890 0.009027 0.009169 0.008662 0.008748 0.008300 0.006252 0.006958 0.008849 0.005650 0.005820 0.006071 0.008726 0.004968 0.005346 0.005926 0.006718 0.005207 0.006848 0.006516 0.008479 0.006787 0.007819 0.007102 0.008238 0.006498 0.007612 0.006526 0.007586 0.006431 0.007580 0.007441 0.007250 0.005226 0.005899 0.005806 0.007323 0.005290 0.004552 0.005076 0.006887 0.006150 0.011123 0.009021 0.008844 
0.013010 0.022858 0.009435 0.008890 0.009027 0.009169 0.008662 0.008748 0.008300 0.006252 0.006958 0.008849 0.005650 0.005820 0.006071 0.008726 0.004968 0.005346 0.005926 0.006718 0.005207 0.006848 0.006516 0.008479 0.006787 0.007819 0.007102 0.008238 0.006498 0.007612 0.006526 0.007586 0.006431 0.007580 0.007441 0.007250 0.005226 0.005899 0.005806 0.007323 0.005290 0.004552 0.005076 0.006887 0.006150 0.011123 0.009021 0.008844 
0.013010 0.022858 0.009435 0.008890 0.009027 0.009169 0.008662 0.008748 0.008300 0.006252 0.006958 0.008849 0.005650 0.005820 0.006071 0.008726 0.004968 0.005346 0.005926 0.006718 0.005207 0.006848 0.006516 0.008479 0.006787 0.007819 0.007102 0.008238 0.006498 0.007612 0.006526 0.007586 0.006431 0.007580 0.007441 0.007250 0.005226 0.005899 0.005806 0.007323 0.005290 0.004552 0.005076 0.006887 0.006150 0.011123 0.009021 0.008844 
0.013010 0.022858 0.009435 0.008890 0.009027 0.009169 0.008662 0.008748 0.008300 0.006252 0.006958 0.008849 0.005650 0.005820 0.006071 0.008726 0.004968 0.005346 0.005926 0.006718 0.005207 0.006848 0.006516 0.008479 0.006787 0.007819 0.007102 0.008238 0.006498 0.007612 0.006526 0.007586 0.006431 0.007580 0.007441 0.007250 0.005226 0.005899 0.005806 0.007323 0.005290 0.004552 0.005076 0.006887 0.006150 0.011123 0.009021 0.008844 
0.013010 0.022858 0.009435 0.008890 0.009027 0.009169 0.008662 0.008748 0.008300 0.006252 0.006958 0.008849 0.005650 0.005820 0.006071 0.008726 0.004968 0.005346 0.005926 0.006718 0.005207 0.006848 0.006516 0.008479 0.006787 0.007819 0.007102 0.008238 0.006498 0.007612 0.006526 0.007586 0.006431 0.007580 0.007441 0.007250 0.005226 0.005899 0.005806 0.007323 0.005290 0.004552 0.005076 0.006887 0.006150 0.011123 0.009021 0.008844 
0.013010 0.022858 0.009435 0.008890 0.009027 0.009169 0.008662 0.008748 0.008300 0.006252 0.006958 0.008849 0.005650 0.005820 0.006071 0.008726 0.004968 0.005346 0.005926 0.006718 0.005207 0.006848 0.006516 0.008479 0.006787 0.007819 0.007102 0.008238 0.006498 0.007612 0.006526 0.007586 0.006431 0.007580 0.007441 0.007250 0.005226 0.005899 0.005806 0.007323 0.005290 0.004552 0.005076 0.006887 0.006150 0.011123 0.009021 0.008844 
0.013010 0.022858 0.009435 0.008890 0.009027 0.009169 0.008662 0.008748 0.008300 0.006252 0.006958 0.008849 0.005650 0.005820 0.006071 0.008726 0.004968 0.005346 0.005926 0.006718 0.005207 0.006848 0.006516 0.008479 0.006787 0.007819 0.007102 0.008238 0.006498 0.007612 0.006526 0.007586 0.006431 0.007580 0.007441 0.007250 0.005226 0.005899 0.005806 0.007323 0.005290 0.004552 0.005076 0.006887 0.006150 0.011123 0.009021 0.008844 
0.013010 0.022858 0.009435 0.008890 0.009027 0.009169 0.008662 0.008748 0.008300 0.006252 0.006958 0.008849 0.005650 0.005820 0.006071 0.008726 0.004968 0.005346 0.005926 0.006718 0.005207 0.006848 0.006516 0.008479 0.006787 0.007819 0.007102 0.008238 0.006498 0.007612 0.006526 0.007586 0.006431 0.007580 0.007441 0.007250 0.005226 0.005899 0.005806 0.007323 0.005290 0.004552 0.005076 0.006887 0.006150 0.011123 0.009021 0.008844 
0.013010 0.022858 0.009435 0.008890 0.009027 0.009169 0.008662 0.008748 0.008300 0.006252 0.006958 0.008849 0.005650 0.005820 0.006071 0.008726 0.004968 0.005346 0.005926 0.006718 0.005207 0.006848 0.006516 0.008479 0.006787 0.007819 0.007102 0.008238 0.006498 0.007612 0.006526 0.007586 0.006431 0.007580 0.007441 0.007250 0.005226 0.005899 0.005806 0.007323 0.005290 0.004552 0.005076 0.006887 0.006150 0.011123 0.009021 0.008844 
0.013010 0.022858 0.009435 0.008890 0.009027 0.009169 0.008662 0.008748 0.008300 0.006252 0.006958 0.008849 0.005650 0.005820 0.006071 0.008726 0.004968 0.005346 0.005926 0.006718 0.005207 0.006848 0.006516 0.008479 0.006787 0.007819 0.007102 0.008238 0.006498 0.007612 0.006526 0.007586 0.006431 0.007580 0.007441 0.007250 0.005226 0.005899 0.005806 0.007323 0.005290 0.004552 0.005076 0.006887 0.006150 0.011123 0.009021 0.008844 
0.013010 0.022858 0.009435 0.008890 0.009027 0.009169 0.008662 0.008748 0.008300 0.006252 0.006958 0.008849 0.005650 0.005820 0.006071 0.008726 0.004968 0.005346 0.005926 0.006718 0.005207 0.006848 0.006516 0.008479 0.006787 0.007819 0.007102 0.008238 0.006498 0.007612 0.006526 0.007586 0.006431 0.007580 0.007441 0.007250 0.005226 0.005899 0.005806 0.007323 0.005290 0.004552 0.005076 0.006887 0.006150 0.011123 0.009021 0.008844 
0.013010 0.022858 0.009435 0.008890 0.009027 0.009169 0.008662 0.008748 0.008300 0.006252 0.006958 0.008849 0.005650 0.005820 0.006071 0.008726 0.004968 0.005346 0.005926 0.006718 0.005207 0.006848 0.006516 0.008479 0.006787 0.007819 0.007102 0.008238 0.006498 0.007612 0.006526 0.007586 0.006431 0.007580 0.007441 0.007250 0.005226 0.005899 0.005806 0.007323 0.005290 0.004552 0.005076 0.006887 0.006150 0.011123 0.009021 0.008844 
0.013010 0.022858 0.009435 0.008890 0.009027 0.009169 0.008662 0.008748 0.008300 0.006252 0.006958 0.008849 0.005650 0.005820 0.006071 0.008726 0.004968 0.005346 0.005926 0.006718 0.005207 0.006848 0.006516 0.008479 0.006787 0.007819 0.007102 0.008238 0.006498 0.007612 0.006526 0.007586 0.006431 0.007580 0.007441 0.007250 0.005226 0.005899 0.005806 0.007323 0.005290 0.004552 0.005076 0.006887 0.006150 0.011123 0.009021 0.008844 
0.013010 0.022858 0.009435 0.008890 0.009027 0.009169 0.008662 0.008748 0.008300 0.006252 0.006958 0.008849 0.005650 0.005820 0.006071 0.008726 0.004968 0.005346 0.005926 0.006718 0.005207 0.006848 0.006516 0.008479 0.006787 0.007819 0.007102 0.008238 0.006498 0.007612 0.006526 0.007586 0.006431 0.007580 0.007441 0.007250 0.005226 0.005899 0.005806 0.007323 0.005290 0.004552 0.005076 0.006887 0.006150 0.011123 0.009021 0.008844 
0.013010 0.022858 0.009435 0.008890 0.009027 0.009169 0.008662 0.008748 0.008300 0.006252 0.006958 0.008849 0.005650 0.005820 0.006071 0.008726 0.004968 0.005346 0.005926 0.006718 0.005207 0.006848 0.006516 0.008479 0.006787 0.007819 0.007102 0.008238 0.006498 0.007612 0.006526 0.007586 0.006431 0.007580 0.007441 0.007250 0.005226 0.005899 0.005806 0.007323 0.005290 0.004552 0.005076 0.006887 0.006150 0.011123 0.009021 0.008844 
0.013010 0.022858 0.009435 0.008890 0.009027 0.009169 0.008662 0.008748 0.008300 0.006252 0.006958 0.008849 0.005650 0.005820 0.006071 0.008726 0.004968 0.005346 0.005926 0.006718 0.005207 0.006848 0.006516 0.008479 0.006787 0.007819 0.007102 0.008238 0.006498 0.007612 0.006526 0.007586 0.006431 0.007580 0.007441 0.007250 0.005226 0.005899 0.005806 0.007323 0.005290 0.004552 0.005076 0.006887 0.006150 0.011123 0.009021 0.008844 
0.013010 0.022858 0.009435 0.008890 0.009027 0.009169 0.008662 0.008748 0.008300 0.006252 0.006958 0.008849 0.005650 0.005820 0.006071 0.008726 0.004968 0.005346 0.005926 0.006718 0.005207 0.006848 0.006516 0.008479 0.006787 0.007819 0.007102 0.008238 0.006498 0.007612 0.006526 0.007586 0.006431 0.007580 0.007441 0.007250 0.005226 0.005899 0.005806 0.007323 0.005290 0.004552 0.005076 0.006887 0.006150 0.011123 0.009021 0.008844 
0.013010 0.022858 0.009435 0.008890 0.009027 0.009169 0.008662 0.008748 0.008300 0.006252 0.006958 0.008849 0.005650 0.005820 0.006071 0.008726 0.004968 0.005346 0.005926 0.006718 0.005207 0.006848 0.006516 0.008479 0.006787 0.007819 0.007102 0.008238 0.006498 0.007612 0.006526 0.007586 0.006431 0.007580 0.007441 0.007250 0.005226 0.005899 0.005806 0.007323 0.005290 0.004552 0.005076 0.006887 0.006150 0.011123 0.009021 0.008844 
0.013010 0.022858 0.009435 0.008890 0.009027 0.009169 0.008662 0.008748 0.008300 0.006252 0.006958 0.008849 0.005650 0.005820 0.006071 0.008726 0.004968 0.005346 0.005926 0.006718 0.005207 0.006848 0.006516 0.008479 0.006787 0.007819 0.007102 0.008238 0.006498 0.007612 0.006526 0.007586 0.006431 0.007580 0.007441 0.007250 0.005226 0.005899 0.005806 0.007323 0.005290 0.004552 0.005076 0.006887 0.006150 0.011123 0.009021 0.008844 
0.013010 0.022858 0.009435 0.008890 0.009027 0.009169 0.008662 0.008748 0.008300 0.006252 0.006958 0.008849 0.005650 0.005820 0.006071 0.008726 0.004968 0.005346 0.005926 0.006718 0.005207 0.006848 0.006516 0.008479 0.006787 0.007819 0.007102 0.008238 0.006498 0.007612 0.006526 0.007586 0.006431 0.007580 0.007441 0.007250 0.005226 0.005899 0.005806 0.007323 0.005290 0.004552 0.005076 0.006887 0.006150 0.011123 0.009021 0.008844 
0.013010 0.022858 0.009435 0.008890 0.009027 0.009169 0.008662 0.008748 0.008300 0.006252 0.006958 0.008849 0.005650 0.005820 0.006071 0.008726 0.004968 0.005346 0.005926 0.006718 0.005207 0.006848 0.006516 0.008479 0.006787 0.007819 0.007102 0.008238 0.006498 0.007612 0.006526 0.007586 0.006431 0.007580 0.007441 0.007250 0.005226 0.005899 0.005806 0.007323 0.005290 0.004552 0.005076 0.006887 0.006150 0.011123 0.009021 0.008844 
0.013010 0.022858 0.009435 0.008890 0.009027 0.009169 0.008662 0.008748 0.008300 0.006252 0.006958 0.008849 0.005650 0.005820 0.006071 0.008726 0.004968 0.005346 0.005926 0.006718 0.005207 0.006848 0.006516 0.008479 0.006787 0.007819 0.007102 0.008238 0.006498 0.007612 0.006526 0.007586 0.006431 0.007580 0.007441 0.007250 0.005226 0.005899 0.005806 0.007323 0.005290 0.004552 0.005076 0.006887 0.006150 0.011123 0.009021 0.008844 
0.013010 0.022858 0.009435 0.008890 0.009027 0.009169 0.008662 0.008748 0.008300 0.006252 0.006958 0.008849 0.005650 0.005820 0.006071 0.008726 0.004968 0.005346 0.005926 0.006718 0.005207 0.006848 0.006516 0.008479 0.006787 0.007819 0.007102 0.008238 0.006498 0.007612 0.006526 0.007586 0.006431 0.007580 0.007441 0.007250 0.005226 0.005899 0.005806 0.007323 0.005290 0.004552 0.005076 0.006887 0.006150 0.011123 0.009021 0.008844 
0.013010 0.022858 0.009435 0.008890 0.009027 0.009169 0.008662 0.008748 0.008300 0.006252 0.006958 0.008849 0.005650 0.005820 0.006071 0.008726 0.004968 0.005346 0.005926 0.006718 0.005207 0.006848 0.006516 0.008479 0.006787 0.007819 0.007102 0.008238 0.006498 0.007612 0.006526 0.007586 0.006431 0.007580 0.007441 0.007250 0.005226 0.005899 0.005806 0.007323 0.005290 0.004552 0.005076 0.006887 0.006150 0.011123 0.009021 0.008844 
0.013010 0.022858 0.009435 0.008890 0.009027 0.009169 0.008662 0.008748 0.008300 0.006252 0.006958 0.008849 0.005650 0.005820 0.006071 0.008726 0.004968 0.005346 0.005926 0.006718 0.005207 0.006848 0.006516 0.008479 0.006787 0.007819 0.007102 0.008238 0.006498 0.007612 0.006526 0.007586 0.006431 0.007580 0.007441 0.007250 0.005226 0.005899 0.005806 0.007323 0.005290 0.004552 0.005076 0.006887 0.006150 0.011123 0.009021 0.008844 
0.013010 0.022858 0.009435 0.008890 0.009027 0.009169 0.008662 0.008748 0.008300 0.006252 0.006958 0.008849 0.005650 0.005820 0.006071 0.008726 0.004968 0.005346 0.005926 0.006718 0.005207 0.006848 0.006516 0.008479 0.006787 0.007819 0.007102 0.008238 0.006498 0.007612 0.006526 0.007586 0.006431 0.007580 0.007441 0.007250 0.005226 0.005899 0.005806 0.007323 0.005290 0.004552 0.005076 0.006887 0.006150 0.011123 0.009021 0.008844 
0.013010 0.022858 0.009435 0.008890 0.009027 0.009169 0.008662 0.008748 0.008300 0.006252 0.006958 0.008849 0.005650 0.005820 0.006071 0.008726 0.004968 0.005346 0.005926 0.006718 0.005207 0.006848 0.006516 0.008479 0.006787 0.007819 0.007102 0.008238 0.006498 0.007612 0.006526 0.007586 0.006431 0.007580 0.007441 0.007250 0.005226 0.005899 0.005806 0.007323 0.005290 0.004552 0.005076 0.006887 0.006150 0.011123 0.009021 0.008844 
0.013010 0.022858 0.009435 0.008890 0.009027 0.009169 0.008662 0.008748 0.008300 0.006252 0.006958 0.008849 0.005650 0.005820 0.006071 0.008726 0.004968 0.005346 0.005926 0.006718 0.005207 0.006848 0.006516 0.008479 0.006787 0.007819 0.007102 0.008238 0.006498 0.007612 0.006526 0.007586 0.006431 0.007580 0.007441 0.007250 0.005226 0.005899 0.005806 0.007323 0.005290 0.004552 0.005076 0.006887 0.006150 0.011123 0.009021 0.008844 
0.013010 0.022858 0.009435 0.008890 0.009027 0.009169 0.008662 0.008748 0.008300 0.006252 0.006958 0.008849 0.005650 0.005820 0.006071 0.008726 0.004968 0.005346 0.005926 0.006718 0.005207 0.006848 0.006516 0.008479 0.006787 0.007819 0.007102 0.008238 0.006498 0.007612 0.006526 0.007586 0.006431 0.007580 0.007441 0.007250 0.005226 0.005899 0.005806 0.007323 0.005290 0.004552 0.005076 0.006887 0.006150 0.011123 0.009021 0.008844 
0.013010 0.022858 0.009435 0.008890 0.009027 0.009169 0.008662 0.008748 0.008300 0.006252 0.006958 0.008849 0.005650 0.005820 0.006071 0.008726 0.004968 0.005346 0.005926 0.006718 0.005207 0.006848 0.006516 0.008479 0.006787 0.007819 0.007102 0.008238 0.006498 0.007612 0.006526 0.007586 0.006431 0.007580 0.007441 0.007250 0.005226 0.005899 0.005806 0.007323 0.005290 0.004552 0.005076 0.006887 0.006150 0.011123 0.009021 0.008844 
0.013010 0.022858 0.009435 0.008890 0.009027 0.009169 0.008662 0.008748 0.008300 0.006252 0.006958 0.008849 0.005650 0.005820 0.006071 0.008726 0.004968 0.005346 0.005926 0.006718 0.005207 0.006848 0.006516 0.008479 0.006787 0.007819 0.007102 0.008238 0.006498 0.007612 0.006526 0.007586 0.006431 0.007580 0.007441 0.007250 0.005226 0.005899 0.005806 0.007323 0.005290 0.004552 0.005076 0.006887 0.006150 0.011123 0.009021 0.008844 
0.013010 0.022858 0.009435 0.008890 0.009027 0.009169 0.008662 0.008748 0.008300 0.006252 0.006958 0.008849 0.005650 0.005820 0.006071 0.008726 0.004968 0.005346 0.005926 0.006718 0.005207 0.006848 0.006516 0.008479 0.006787 0.007819 0.007102 0.008238 0.006498 0.007612 0.006526 0.007586 0.006431 0.007580 0.007441 0.007250 0.005226 0.005899 0.005806 0.007323 0.005290 0.004552 0.005076 0.006887 0.006150 0.011123 0.009021 0.008844 
0.013010 0.022858 0.009435 0.008890 0.009027 0.009169 0.008662 0.008748 0.008300 0.006252 0.006958 0.008849 0.005650 0.005820 0.006071 0.008726 0.004968 0.005346 0.005926 0.006718 0.005207 0.006848 0.006516 0.008479 0.006787 0.007819 0.007102 0.008238 0.006498 0.007612 0.006526 0.007586 0.006431 0.007580 0.007441 0.007250 0.005226 0.005899 0.005806 0.007323 0.005290 0.004552 0.005076 0.006887 0.006150 0.011123 0.009021 0.008844 
0.013010 0.022858 0.009435 0.008890 0.009027 0.009169 0.008662 0.008748 0.008300 0.006252 0.006958 0.008849 0.005650 0.005820 0.006071 0.008726 0.004968 0.005346 0.005926 0.006718 0.005207 0.006848 0.006516 0.008479 0.006787 0.007819 0.007102 0.008238 0.006498 0.007612 0.006526 0.007586 0.006431 0.007580 0.007441 0.007250 0.005226 0.005899 0.005806 0.007323 0.005290 0.004552 0.005076 0.006887 0.006150 0.011123 0.009021 0.008844 
0.013010 0.022858 0.009435 0.008890 0.009027 0.009169 0.008662 0.008748 0.008300 0.006252 0.006958 0.008849 0.005650 0.005820 0.006071 0.008726 0.004968 0.005346 0.005926 0.006718 0.005207 0.006848 0.006516 0.008479 0.006787 0.007819 0.007102 0.008238 0.006498 0.007612 0.006526 0.007586 0.006431 0.007580 0.007441 0.007250 0.005226 0.005899 0.005806 0.007323 0.005290 0.004552 0.005076 0.006887 0.006150 0.011123 0.009021 0.008844 
0.013010 0.022858 0.009435 0.008890 0.009027 0.009169 0.008662 0.008748 0.008300 0.006252 0.006958 0.008849 0.005650 0.005820 0.006071 0.008726 0.004968 0.005346 0.005926 0.006718 0.005207 0.006848 0.006516 0.008479 0.006787 0.007819 0.007102 0.008238 0.006498 0.007612 0.006526 0.007586 0.006431 0.007580 0.007441 0.007250 0.005226 0.005899 0.005806 0.007323 0.005290 0.004552 0.005076 0.006887 0.006150 0.011123 0.009021 0.008844 
0.013010 0.022858 0.009435 0.008890 0.009027 0.009169 0.008662 0.008748 0.008300 0.006252 0.006958 0.008849 0.005650 0.005820 0.006071 0.008726 0.004968 0.005346 0.005926 0.006718 0.005207 0.006848 0.006516 0.008479 0.006787 0.007819 0.007102 0.008238 0.006498 0.007612 0.006526 0.007586 0.006431 0.007580 0.007441 0.007250 0.005226 0.005899 0.005806 0.007323 0.005290 0.004552 0.005076 0.006887 0.006150 0.011123 0.009021 0.008844 
0.013010 0.022858 0.009435 0.008890 0.009027 0.009169 0.008662 0.008748 0.008300 0.006252 0.006958 0.008849 0.005650 0.005820 0.006071 0.008726 0.004968 0.005346 0.005926 0.006718 0.005207 0.006848 0.006516 0.008479 0.006787 0.007819 0.007102 0.008238 0.006498 0.007612 0.006526 0.007586 0.006431 0.007580 0.007441 0.007250 0.005226 0.005899 0.005806 0.007323 0.005290 0.004552 0.005076 0.006887 0.006150 0.011123 0.009021 0.008844 
0.013010 0.022858 0.009435 0.008890 0.009027 0.009169 0.008662 0.008748 0.008300 0.006252 0.006958 0.008849 0.005650 0.005820 0.006071 0.008726 0.004968 0.005346 0.005926 0.006718 0.005207 0.006848 0.006516 0.008479 0.006787 0.007819 0.007102 0.008238 0.006498 0.007612 0.006526 0.007586 0.006431 0.007580 0.007441 0.007250 0.005226 0.005899 0.005806 0.007323 0.005290 0.004552 0.005076 0.006887 0.006150 0.011123 0.009021 0.008844 
0.013010 0.022858 0.009435 0.008890 0.009027 0.009169 0.008662 0.008748 0.008300 0.006252 0.006958 0.008849 0.005650 0.005820 0.006071 0.008726 0.004968 0.005346 0.005926 0.006718 0.005207 0.006848 0.006516 0.008479 0.006787 0.007819 0.007102 0.008238 0.006498 0.007612 0.006526 0.007586 0.006431 0.007580 0.007441 0.007250 0.005226 0.005899 0.005806 0.007323 0.005290 0.004552 0.005076 0.006887 0.006150 0.011123 0.009021 0.008844 
0.013010 0.022858 0.009435 0.008890 0.009027 0.009169 0.008662 0.008748 0.008300 0.006252 0.006958 0.008849 0.005650 0.005820 0.006071 0.008726 0.004968 0.005346 0.005926 0.006718 0.005207 0.006848 0.006516 0.008479 0.006787 0.007819 0.007102 0.008238 0.006498 0.007612 0.006526 0.007586 0.006431 0.007580 0.007441 0.007250 0.005226 0.005899 0.005806 0.007323 0.005290 0.004552 0.005076 0.006887 0.006150 0.011123 0.009021 0.008844 
0.013010 0.022858 0.009435 0.008890 0.009027 0.009169 0.008662 0.008748 0.008300 0.006252 0.006958 0.008849 0.005650 0.005820 0.006071 0.008726 0.004968 0.005346 0.005926 0.006718 0.005207 0.006848 0.006516 0.008479 0.006787 0.007819 0.007102 0.008238 0.006498 0.007612 0.006526 0.007586 0.006431 0.007580 0.007441 0.007250 0.005226 0.005899 0.005806 0.007323 0.005290 0.004552 0.005076 0.006887 0.006150 0.011123 0.009021 0.008844 
0.013010 0.022858 0.009435 0.008890 0.009027 0.009169 0.008662 0.008748 0.008300 0.006252 0.006958 0.008849 0.005650 0.005820 0.006071 0.008726 0.004968 0.005346 0.005926 0.006718 0.005207 0.006848 0.006516 0.008479 0.006787 0.007819 0.007102 0.008238 0.006498 0.007612 0.006526 0.007586 0.006431 0.007580 0.007441 0.007250 0.005226 0.005899 0.005806 0.007323 0.005290 0.004552 0.005076 0.006887 0.006150 0.011123 0.009021 0.008844 
0.013010 0.022858 0.009435 0.008890 0.009027 0.009169 0.008662 0.008748 0.008300 0.006252 0.006958 0.008849 0.005650 0.005820 0.006071 0.008726 0.004968 0.005346 0.005926 0.006718 0.005207 0.006848 0.006516 0.008479 0.006787 0.007819 0.007102 0.008238 0.006498 0.007612 0.006526 0.007586 0.006431 0.007580 0.007441 0.007250 0.005226 0.005899 0.005806 0.007323 0.005290 0.004552 0.005076 0.006887 0.006150 0.011123 0.009021 0.008844 
0.013010 0.022858 0.009435 0.008890 0.009027 0.009169 0.008662 0.008748 0.008300 0.006252 0.006958 0.008849 0.005650 0.005820 0.006071 0.008726 0.004968 0.005346 0.005926 0.006718 0.005207 0.006848 0.006516 0.008479 0.006787 0.007819 0.007102 0.008238 0.006498 0.007612 0.006526 0.007586 0.006431 0.007580 0.007441 0.007250 0.005226 0.005899 0.005806 0.007323 0.005290 0.004552 0.005076 0.006887 0.006150 0.011123 0.009021 0.008844 
0.013010 0.022858 0.009435 0.008890 0.009027 0.009169 0.008662 0.008748 0.008300 0.006252 0.006958 0.008849 0.005650 0.005820 0.006071 0.008726 0.004968 0.005346 0.005926 0.006718 0.005207 0.006848 0.006516 0.008479 0.006787 0.007819 0.007102 0.008238 0.006498 0.007612 0.006526 0.007586 0.006431 0.007580 0.007441 0.007250 0.005226 0.005899 0.005806 0.007323 0.005290 0.004552 0.005076 0.006887 0.006150 0.011123 0.009021 0.008844 
0.013010 0.022858 0.009435 0.008890 0.009027 0.009169 0.008662 0.008748 0.008300 0.006252 0.006958 0.008849 0.005650 0.005820 0.006071 0.008726 0.004968 0.005346 0.005926 0.006718 0.005207 0.006848 0.006516 0.008479 0.006787 0.007819 0.007102 0.008238 0.006498 0.007612 0.006526 0.007586 0.006431 0.007580 0.007441 0.007250 0.005226 0.005899 0.005806 0.007323 0.005290 0.004552 0.005076 0.006887 0.006150 0.011123 0.009021 0.008844 
0.013010 0.022858 0.009435 0.008890 0.009027 0.009169 0.008662 0.008748 0.008300 0.006252 0.006958 0.008849 0.005650 0.005820 0.006071 0.008726 0.004968 0.005346 0.005926 0.006718 0.005207 0.006848 0.006516 0.008479 0.006787 0.007819 0.007102 0.008238 0.006498 0.007612 0.006526 0.007586 0.006431 0.007580 0.007441 0.007250 0.005226 0.005899 0.005806 0.007323 0.005290 0.004552 0.005076 0.006887 0.006150 0.011123 0.009021 0.008844 
0.013010 0.022858 0.009435 0.008890 0.009027 0.009169 0.008662 0.008748 0.008300 0.006252 0.006958 0.008849 0.005650 0.005820 0.006071 0.008726 0.004968 0.005346 0.005926 0.006718 0.005207 0.006848 0.006516 0.008479 0.006787 0.007819 0.007102 0.008238 0.006498 0.007612 0.006526 0.007586 0.006431 0.007580 0.007441 0.007250 0.005226 0.005899 0.005806 0.007323 0.005290 0.004552 0.005076 0.006887 0.006150 0.011123 0.009021 0.008844 
0.013010 0.022858 0.009435 0.008890 0.009027 0.009169 0.008662 0.008748 0.008300 0.006252 0.006958 0.008849 0.005650 0.005820 0.006071 0.008726 0.004968 0.005346 0.005926 0.006718 0.005207 0.006848 0.006516 0.008479 0.006787 0.007819 0.007102 0.008238 0.006498 0.007612 0.006526 0.007586 0.006431 0.007580 0.007441 0.007250 0.005226 0.005899 0.005806 0.007323 0.005290 0.004552 0.005076 0.006887 0.006150 0.011123 0.009021 0.008844 
0.013010 0.022858 0.009435 0.008890 0.009027 0.009169 0.008662 0.008748 0.008300 0.006252 0.006958 0.008849 0.005650 0.005820 0.006071 0.008726 0.004968 0.005346 0.005926 0.006718 0.005207 0.006848 0.006516 0.008479 0.006787 0.007819 0.007102 0.008238 0.006498 0.007612 0.006526 0.007586 0.006431 0.007580 0.007441 0.007250 0.005226 0.005899 0.005806 0.007323 0.005290 0.004552 0.005076 0.006887 0.006150 0.011123 0.009021 0.008844 
0.013010 0.022858 0.009435 0.008890 0.009027 0.009169 0.008662 0.008748 0.008300 0.006252 0.006958 0.008849 0.005650 0.005820 0.006071 0.008726 0.004968 0.005346 0.005926 0.006718 0.005207 0.006848 0.006516 0.008479 0.006787 0.007819 0.007102 0.008238 0.006498 0.007612 0.006526 0.007586 0.006431 0.007580 0.007441 0.007250 0.005226 0.005899 0.005806 0.007323 0.005290 0.004552 0.005076 0.006887 0.006150 0.011123 0.009021 0.008844 
0.013010 0.022858 0.009435 0.008890 0.009027 0.009169 0.008662 0.008748 0.008300 0.006252 0.006958 0.008849 0.005650 0.005820 0.006071 0.008726 0.004968 0.005346 0.005926 0.006718 0.005207 0.006848 0.006516 0.008479 0.006787 0.007819 0.007102 0.008238 0.006498 0.007612 0.006526 0.007586 0.006431 0.007580 0.007441 0.007250 0.005226 0.005899 0.005806 0.007323 0.005290 0.004552 0.005076 0.006887 0.006150 0.011123 0.009021 0.008844 
